<?xml version="1.0" encoding="UTF-8" standalone="no" ?>
<SimMechanicsImportXML version="1.0" xmlns="urn:mathworks:simmechanics:import" xmlns:xsi="http://www.w3.org/2001/XMLSchema-instance">
<Created by="" on="01/03/16||10:18:34" using="SimMechanics Link Version 4.4" from="SolidWorks 23.3.0"/>
<ModelUnits mass="kilogram" length="millimeter"/>
<DataUnits mass="kilogram" length="meter"/>
<RootAssembly name="CompletoToMatlab" uid="CompletoToMatlab" version="186">
<AssemblyFile name="CompletoToMatlab.SLDASM" type="SolidWorks Assembly"/>
<InstanceTree>
<Instance name="BaseFcompleta-1" uid="BaseFcompleta-1" grounded="true" entityUid="BaseFcompleta*:*Predeterminado">
<Transform>
<Rotation>1 0 0 0 1 0 0 0 1</Rotation>
<Translation>0 0 0</Translation>
</Transform>
</Instance>
<Instance name="Mbrazo-3" uid="Mbrazo-3" entityUid="Mbrazo" rigid="true">
<Transform>
<Rotation>0.32543750406610189 0.86602540378443871 0.37959245375432038 -0.75918490750864087 -1.3785630623153189e-016 0.65087500813220411 0.56367429173089179 -0.5 0.65747341607222243</Rotation>
<Translation>-0.089462523512534406 -0.11023106218852639 -0.1877978243680998</Translation>
</Transform>
<Instance name="Hombro-1" uid="Hombro-1" grounded="true" entityUid="Hombro*:*Predeterminado">
<Transform>
<Rotation>1 0 0 0 1 0 0 0 1</Rotation>
<Translation>-0.028124441270518691 -0.033603002856532477 0.073999999999984578</Translation>
</Transform>
</Instance>
<Instance name="Tubo-1" uid="Tubo-1" entityUid="Tubo*:*Predeterminado">
<Transform>
<Rotation>1 0 0 0 -1.6653345369377343e-016 -1 0 1 -1.6653345369377343e-016</Rotation>
<Translation>-0.0037744412705186664 -0.013603002856532445 -0.034000000000015462</Translation>
</Transform>
</Instance>
<Instance name="MCodo-1" uid="MCodo-1" entityUid="MCodo*:*Predeterminado">
<Transform>
<Rotation>-4.4408920985006262e-016 -1 -1.1102230246251565e-016 -1 4.4408920985006262e-016 0 1.6653345369377348e-016 2.2204460492503131e-016 -1.0000000000000002</Rotation>
<Translation>-0.0037744412705186942 -0.013603002856532445 -0.019000000000015477</Translation>
</Transform>
</Instance>
</Instance>
<Instance name="Mbrazo-1" uid="Mbrazo-1" entityUid="Mbrazo" rigid="true">
<Transform>
<Rotation>0.32543750406610955 -0.86602540378443871 0.37959245375431372 -0.75918490750862822 -3.4824573780234402e-016 0.65087500813221877 -0.56367429173090444 -0.49999999999999994 -0.65747341607221144</Rotation>
<Translation>-0.11790642492195463 -0.11023106218852834 0.171375730232566</Translation>
</Transform>
<Instance name="Hombro-1" uid="Hombro-1" grounded="true" entityUid="Hombro*:*Predeterminado">
<Transform>
<Rotation>1 0 0 0 1 0 0 0 1</Rotation>
<Translation>-0.028124441270518705 -0.033603002856532463 0.073999999999984467</Translation>
</Transform>
</Instance>
<Instance name="Tubo-1" uid="Tubo-1" entityUid="Tubo*:*Predeterminado">
<Transform>
<Rotation>1 1.1102230246251563e-016 0 0 0 -1 -1.1102230246251563e-016 1 0</Rotation>
<Translation>-0.0037744412705186664 -0.013603002856532459 -0.034000000000015518</Translation>
</Transform>
</Instance>
<Instance name="MCodo-1" uid="MCodo-1" entityUid="MCodo*:*Predeterminado">
<Transform>
<Rotation>-3.8857805861880479e-016 -1 -2.2204460492503131e-016 -1 3.3306690738754696e-016 0 0 2.7755575615628914e-016 -1</Rotation>
<Translation>-0.0037744412705186872 -0.013603002856532459 -0.019000000000015504</Translation>
</Transform>
</Instance>
</Instance>
<Instance name="Mbrazo-4" uid="Mbrazo-4" entityUid="Mbrazo" rigid="true">
<Transform>
<Rotation>-0.65087500813230759 2.3898098052018771e-016 -0.75918490750855216 -0.75918490750855228 -3.0987441109046806e-016 0.65087500813230748 0 0.99999999999999989 3.8312026343102405e-016</Rotation>
<Translation>0.20736894843447842 -0.11023106218854282 0.016422094135532413</Translation>
</Transform>
<Instance name="Hombro-1" uid="Hombro-1" grounded="true" entityUid="Hombro*:*Predeterminado">
<Transform>
<Rotation>1 0 0 0 1 0 0 0 1</Rotation>
<Translation>-0.028124441270518677 -0.033603002856532449 0.07399999999998455</Translation>
</Transform>
</Instance>
<Instance name="Tubo-1" uid="Tubo-1" entityUid="Tubo*:*Predeterminado">
<Transform>
<Rotation>1.0000000000000002 1.6653345369377346e-016 0 0 0 -0.99999999999999989 -1.1102230246251568e-016 1 0</Rotation>
<Translation>-0.003774441270518708 -0.013603002856532445 -0.03400000000001549</Translation>
</Transform>
</Instance>
<Instance name="MCodo-1" uid="MCodo-1" entityUid="MCodo*:*Predeterminado">
<Transform>
<Rotation>-4.4408920985006262e-016 -1 -2.2204460492503128e-016 -1 4.4408920985006281e-016 0 0 2.2204460492503151e-016 -1</Rotation>
<Translation>-0.0037744412705186803 -0.013603002856532443 -0.019000000000015449</Translation>
</Transform>
</Instance>
</Instance>
<Instance name="MAntebrazo-1" uid="MAntebrazo-1" entityUid="MAntebrazo" rigid="true">
<Transform>
<Rotation>0.61808689564012054 0.71593074840599613 0.32467176182228918 0.60871500399839118 -0.17453973053413432 -0.77395214734007323 -0.4974280182551013 0.67600225291925031 -0.54367850859023337</Rotation>
<Translation>-0.080939426065340145 -0.3114697735855142 0.078276762573226036</Translation>
</Transform>
<Instance name="MTerminal-1" uid="MTerminal-1" grounded="true" entityUid="MTerminal*:*Predeterminado">
<Transform>
<Rotation>1 0 0 0 1 0 0 0 1</Rotation>
<Translation>-0.0059746030918848003 0.0075101242930106157 0.060000000000000026</Translation>
</Transform>
</Instance>
<Instance name="MTerminal-2" uid="MTerminal-2" entityUid="MTerminal*:*Predeterminado">
<Transform>
<Rotation>-1 0 0 -2.7755575615628914e-016 1.0000000000000002 -1.1102230246251565e-016 0 1.1102230246251565e-016 -1</Rotation>
<Translation>0.014172652436205413 0.007510124293010588 -0.20761226248112241</Translation>
</Transform>
</Instance>
<Instance name="Tubo L1-1" uid="Tubo L1-1" entityUid="Tubo L1*:*Predeterminado">
<Transform>
<Rotation>1 0 -1.6653345369377348e-016 1.6653345369377348e-016 1.1102230246251565e-016 -1 0 1 -1.1102230246251565e-016</Rotation>
<Translation>0.0040990246721603341 -0.0004571989057405787 -0.18680613124056117</Translation>
</Transform>
</Instance>
</Instance>
<Instance name="MbaseMovil-2" uid="MbaseMovil-2" entityUid="MbaseMovil*:*Predeterminado">
<Transform>
<Rotation>0.86602540378473569 0 -0.49999999999948547 0 1 0 0.49999999999948547 0 0.86602540378473569</Rotation>
<Translation>-1.2848826520358465e-014 -0.37822936682360492 -3.2612083314419347e-015</Translation>
</Transform>
</Instance>
<Instance name="MAntebrazo-4" uid="MAntebrazo-4" entityUid="MAntebrazo" rigid="true">
<Transform>
<Rotation>0.5820681376263861 0.51018207229469958 -0.63317528084191366 -0.46817503324383075 -0.42639208702181197 -0.77395214734008067 -0.66483743983570043 0.74692974317151795 -0.0093347393344365426</Rotation>
<Translation>0.10297014576257028 -0.30717072137544477 -0.025712734826808636</Translation>
</Transform>
<Instance name="MTerminal-1" uid="MTerminal-1" grounded="true" entityUid="MTerminal*:*Predeterminado">
<Transform>
<Rotation>1 0 0 0 1 0 0 0 1</Rotation>
<Translation>-0.0059746030918847726 0.0075101242930105949 0.059999999999999998</Translation>
</Transform>
</Instance>
<Instance name="MTerminal-2" uid="MTerminal-2" entityUid="MTerminal*:*Predeterminado">
<Transform>
<Rotation>-0.99999999999999978 -2.2204460492503131e-016 1.7867651802561113e-016 -2.7755575615628914e-016 1 1.7694179454963432e-016 -1.5352302762394743e-016 1.5265566588595902e-016 -1</Rotation>
<Translation>0.014172652436205468 0.0075101242930105949 -0.20761226248112241</Translation>
</Transform>
</Instance>
<Instance name="Tubo L1-1" uid="Tubo L1-1" entityUid="Tubo L1*:*Predeterminado">
<Transform>
<Rotation>1 0 0 1.1102230246251565e-016 0 -1 1.5525775109992423e-016 1 -1.5439038936193583e-016</Rotation>
<Translation>0.0040990246721603618 -0.00045719890574058564 -0.1868061312405612</Translation>
</Transform>
</Instance>
</Instance>
<Instance name="MAntebrazo-6" uid="MAntebrazo-6" entityUid="MAntebrazo" rigid="true">
<Transform>
<Rotation>0.9511198608673499 -0.014021020510245542 -0.30850351901967726 0.24241377984004811 -0.5850073785614518 0.77395214734007867 -0.19132843387048817 -0.81090676283559837 -0.55301324792463769</Rotation>
<Translation>-0.12692908276933715 -0.19591113366877561 -0.15786733242844905</Translation>
</Transform>
<Instance name="MTerminal-1" uid="MTerminal-1" grounded="true" entityUid="MTerminal*:*Predeterminado">
<Transform>
<Rotation>1 0 0 0 1 0 0 0 1</Rotation>
<Translation>-0.0059746030918847726 0.0075101242930106504 0.060000000000000067</Translation>
</Transform>
</Instance>
<Instance name="MTerminal-2" uid="MTerminal-2" entityUid="MTerminal*:*Predeterminado">
<Transform>
<Rotation>-1 0 0 0 0.99999999999999989 0 0 1.1102230246251565e-016 -0.99999999999999989</Rotation>
<Translation>0.014172652436205482 0.0075101242930106504 -0.20761226248112238</Translation>
</Transform>
</Instance>
<Instance name="Tubo L1-1" uid="Tubo L1-1" entityUid="Tubo L1*:*Predeterminado">
<Transform>
<Rotation>1 0 0 0 0 -0.99999999999999989 0 1 0</Rotation>
<Translation>0.0040990246721603341 -0.00045719890574050237 -0.18680613124056122</Translation>
</Transform>
</Instance>
</Instance>
<Instance name="MAntebrazo-3" uid="MAntebrazo-3" entityUid="MAntebrazo" rigid="true">
<Transform>
<Rotation>0.30091457534986227 0.7131195426243957 -0.63317528084187291 -0.23503285103693941 -0.58801159219956967 -0.77395214734011475 -0.92423480635359101 0.38171047322034479 -0.0093347393343599372</Rotation>
<Translation>0.10421538394039426 -0.30820026919333782 0.034183563527877908</Translation>
</Transform>
<Instance name="MTerminal-1" uid="MTerminal-1" grounded="true" entityUid="MTerminal*:*Predeterminado">
<Transform>
<Rotation>1 0 0 0 1 0 0 0 1</Rotation>
<Translation>-0.0059746030918847864 0.0075101242930106227 0.060000000000000053</Translation>
</Transform>
</Instance>
<Instance name="MTerminal-2" uid="MTerminal-2" entityUid="MTerminal*:*Predeterminado">
<Transform>
<Rotation>-1 -1.6653345369377348e-016 0 -1.6653345369377348e-016 1 0 0 0 -0.99999999999999978</Rotation>
<Translation>0.014172652436205468 0.0075101242930106782 -0.20761226248112233</Translation>
</Transform>
</Instance>
<Instance name="Tubo L1-1" uid="Tubo L1-1" entityUid="Tubo L1*:*Predeterminado">
<Transform>
<Rotation>1 0 0 0 0 -1 0 1 0</Rotation>
<Translation>0.0040990246721603202 -0.00045719890574058564 -0.18680613124056114</Translation>
</Transform>
</Instance>
</Instance>
<Instance name="MAntebrazo-2" uid="MAntebrazo-2" entityUid="MAntebrazo" rigid="true">
<Transform>
<Rotation>0.76921925679089864 0.55035441495209836 0.32467176182229179 0.5505388621335362 -0.31289780265832534 -0.77395214734006856 -0.32435890039086135 0.7740833178891825 -0.54367850859023847</Rotation>
<Translation>-0.030539123837648442 -0.31129456530385347 0.10711219054468897</Translation>
</Transform>
<Instance name="MTerminal-1" uid="MTerminal-1" grounded="true" entityUid="MTerminal*:*Predeterminado">
<Transform>
<Rotation>1 0 0 0 1 0 0 0 1</Rotation>
<Translation>-0.0059746030918848003 0.0075101242930106227 0.059999999999999998</Translation>
</Transform>
</Instance>
<Instance name="MTerminal-2" uid="MTerminal-2" entityUid="MTerminal*:*Predeterminado">
<Transform>
<Rotation>-1 0 -1.3877787807814459e-016 0 1 0 1.3877787807814459e-016 0 -1</Rotation>
<Translation>0.014172652436205468 0.0075101242930105672 -0.20761226248112244</Translation>
</Transform>
</Instance>
<Instance name="Tubo L1-1" uid="Tubo L1-1" entityUid="Tubo L1*:*Predeterminado">
<Transform>
<Rotation>1 1.3877787807814459e-016 0 0 1.1102230246251562e-016 -1 -1.3877787807814457e-016 1 1.1102230246251563e-016</Rotation>
<Translation>0.0040990246721603896 -0.00045719890574058564 -0.18680613124056128</Translation>
</Transform>
</Instance>
</Instance>
<Instance name="MAntebrazo-5" uid="MAntebrazo-5" entityUid="MAntebrazo" rigid="true">
<Transform>
<Rotation>0.87648938417393729 0.36958346578661344 -0.30850351901971484 0.4571723756733167 -0.43816833814058975 0.77395214734008544 0.15086344272754829 -0.8194001276960291 -0.55301324792460693</Rotation>
<Translation>-0.075352288229423803 -0.19672429980304718 -0.18877386853036349</Translation>
</Transform>
<Instance name="MTerminal-1" uid="MTerminal-1" grounded="true" entityUid="MTerminal*:*Predeterminado">
<Transform>
<Rotation>1 0 0 0 1 0 0 0 1</Rotation>
<Translation>-0.0059746030918847726 0.0075101242930105949 0.060000000000000053</Translation>
</Transform>
</Instance>
<Instance name="MTerminal-2" uid="MTerminal-2" entityUid="MTerminal*:*Predeterminado">
<Transform>
<Rotation>-1 -1.52655665885959e-016 0 -1.52655665885959e-016 1 0 0 0 -1</Rotation>
<Translation>0.014172652436205496 0.0075101242930106504 -0.20761226248112236</Translation>
</Transform>
</Instance>
<Instance name="Tubo L1-1" uid="Tubo L1-1" entityUid="Tubo L1*:*Predeterminado">
<Transform>
<Rotation>1 0 0 0 0 -1 0 1 0</Rotation>
<Translation>0.0040990246721603896 -0.00045719890574055788 -0.18680613124056111</Translation>
</Transform>
</Instance>
</Instance>
</InstanceTree>
<Constraints>
<Coincident name="Coincidente1">
<ConstraintGeometry geomType="plane">
<InstancePath>
<Uid>BaseFcompleta-1</Uid>
</InstancePath>
<Position>-0.094047166776734248 -0.040000000000000008 0.097256288607207586</Position>
<Axis>0.86602540378443882 0 0.49999999999999978</Axis>
</ConstraintGeometry>
<ConstraintGeometry geomType="plane">
<InstancePath>
<Uid>Mbrazo-1</Uid>
<Uid>Hombro-1</Uid>
</InstancePath>
<Position>0.02434999999999999 0.049999999999999982 0.029500000000000026</Position>
<Axis>-3.8857805861880479e-016 1 1.1102230246251565e-016</Axis>
</ConstraintGeometry>
</Coincident>
<Coincident name="Coincidente2">
<ConstraintGeometry geomType="plane">
<InstancePath>
<Uid>BaseFcompleta-1</Uid>
</InstancePath>
<Position>0.13125000000000001 -0.03999999999999998 0.032819091278999984</Position>
<Axis>-5.046468293750711e-016 0 -1</Axis>
</ConstraintGeometry>
<ConstraintGeometry geomType="plane">
<InstancePath>
<Uid>Mbrazo-4</Uid>
<Uid>Hombro-1</Uid>
</InstancePath>
<Position>0.024350000000000004 0.049999999999999975 0.029499999999999971</Position>
<Axis>-4.081702296416018e-016 1 0</Axis>
</ConstraintGeometry>
</Coincident>
<Coincident name="Coincidente3">
<ConstraintGeometry geomType="plane">
<InstancePath>
<Uid>BaseFcompleta-1</Uid>
</InstancePath>
<Position>-0.037202833223265674 -0.03999999999999998 -0.13007537988620754</Position>
<Axis>-0.86602540378443871 0 0.50000000000000011</Axis>
</ConstraintGeometry>
<ConstraintGeometry geomType="plane">
<InstancePath>
<Uid>Mbrazo-3</Uid>
<Uid>Hombro-1</Uid>
</InstancePath>
<Position>0.024349999999999976 0.049999999999999989 0.029499999999999998</Position>
<Axis>-3.3306690738754696e-016 1 -1.1102230246251565e-016</Axis>
</ConstraintGeometry>
</Coincident>
<Concentric name="Concéntrica4">
<ConstraintGeometry geomType="circle">
<InstancePath>
<Uid>BaseFcompleta-1</Uid>
</InstancePath>
<Position>-0.1134461358215057 -0.040000000000000008 0.086056288607207598</Position>
<Axis>-0.86602540378443882 0 -0.49999999999999978</Axis>
</ConstraintGeometry>
<ConstraintGeometry geomType="circle">
<InstancePath>
<Uid>Mbrazo-1</Uid>
<Uid>Hombro-1</Uid>
</InstancePath>
<Position>0.024349999999999997 0.073999999999999982 0.029500000000000026</Position>
<Axis>3.8857805861880479e-016 -1 -1.1102230246251565e-016</Axis>
</ConstraintGeometry>
</Concentric>
<Concentric name="Concéntrica5">
<ConstraintGeometry geomType="circle">
<InstancePath>
<Uid>BaseFcompleta-1</Uid>
</InstancePath>
<Position>-0.017803864178494277 -0.03999999999999998 -0.14127537988620764</Position>
<Axis>0.86602540378443871 0 -0.50000000000000011</Axis>
</ConstraintGeometry>
<ConstraintGeometry geomType="circle">
<InstancePath>
<Uid>Mbrazo-3</Uid>
<Uid>Hombro-1</Uid>
</InstancePath>
<Position>0.024349999999999976 0.073999999999999996 0.029499999999999971</Position>
<Axis>3.3306690738754696e-016 -1 1.1102230246251565e-016</Axis>
</ConstraintGeometry>
</Concentric>
<Concentric name="Concéntrica6">
<ConstraintGeometry geomType="circle">
<InstancePath>
<Uid>BaseFcompleta-1</Uid>
</InstancePath>
<Position>0.13125000000000001 -0.03999999999999998 0.032819091278999984</Position>
<Axis>-5.046468293750711e-016 0 -1</Axis>
</ConstraintGeometry>
<ConstraintGeometry geomType="circle">
<InstancePath>
<Uid>Mbrazo-4</Uid>
<Uid>Hombro-1</Uid>
</InstancePath>
<Position>0.024350000000000004 0.073999999999999969 0.029499999999999998</Position>
<Axis>4.081702296416018e-016 -1 0</Axis>
</ConstraintGeometry>
</Concentric>
<Concentric name="Concéntrica7">
<ConstraintGeometry geomType="sphere">
<InstancePath>
<Uid>Mbrazo-1</Uid>
<Uid>MCodo-1</Uid>
</InstancePath>
<Position>-0.029499999999999985 0.0035901699437494647 0.027500000000000024</Position>
</ConstraintGeometry>
<ConstraintGeometry geomType="sphere">
<InstancePath>
<Uid>MAntebrazo-1</Uid>
<Uid>MTerminal-2</Uid>
</InstancePath>
<Position>0.010073627764045134 -0.0079673231987511667 0.017193868759438742</Position>
</ConstraintGeometry>
</Concentric>
<Concentric name="Concéntrica8">
<ConstraintGeometry geomType="sphere">
<InstancePath>
<Uid>Mbrazo-1</Uid>
<Uid>MCodo-1</Uid>
</InstancePath>
<Position>0.029499999999999985 0.0035901699437494508 0.027500000000000024</Position>
</ConstraintGeometry>
<ConstraintGeometry geomType="sphere">
<InstancePath>
<Uid>MAntebrazo-2</Uid>
<Uid>MTerminal-2</Uid>
</InstancePath>
<Position>0.010073627764045134 -0.0079673231987511528 0.017193868759438749</Position>
</ConstraintGeometry>
</Concentric>
<Concentric name="Concéntrica9">
<ConstraintGeometry geomType="sphere">
<InstancePath>
<Uid>Mbrazo-4</Uid>
<Uid>MCodo-1</Uid>
</InstancePath>
<Position>-0.029500000000000002 0.0035901699437494716 0.027500000000000024</Position>
</ConstraintGeometry>
<ConstraintGeometry geomType="sphere">
<InstancePath>
<Uid>MAntebrazo-3</Uid>
<Uid>MTerminal-2</Uid>
</InstancePath>
<Position>0.010073627764045121 -0.0079673231987511528 0.017193868759438763</Position>
</ConstraintGeometry>
</Concentric>
<Concentric name="Concéntrica10">
<ConstraintGeometry geomType="sphere">
<InstancePath>
<Uid>Mbrazo-4</Uid>
<Uid>MCodo-1</Uid>
</InstancePath>
<Position>0.029499999999999995 0.0035901699437494855 0.027500000000000024</Position>
</ConstraintGeometry>
<ConstraintGeometry geomType="sphere">
<InstancePath>
<Uid>MAntebrazo-4</Uid>
<Uid>MTerminal-2</Uid>
</InstancePath>
<Position>0.010073627764045107 -0.0079673231987512083 0.01719386875943877</Position>
</ConstraintGeometry>
</Concentric>
<Concentric name="Concéntrica11">
<ConstraintGeometry geomType="sphere">
<InstancePath>
<Uid>Mbrazo-3</Uid>
<Uid>MCodo-1</Uid>
</InstancePath>
<Position>-0.029499999999999998 0.0035901699437494924 0.027500000000000024</Position>
</ConstraintGeometry>
<ConstraintGeometry geomType="sphere">
<InstancePath>
<Uid>MAntebrazo-5</Uid>
<Uid>MTerminal-1</Uid>
</InstancePath>
<Position>0.010073627764045134 -0.0079673231987511528 0.017193868759438749</Position>
</ConstraintGeometry>
</Concentric>
<Concentric name="Concéntrica12">
<ConstraintGeometry geomType="sphere">
<InstancePath>
<Uid>Mbrazo-3</Uid>
<Uid>MCodo-1</Uid>
</InstancePath>
<Position>0.029499999999999998 0.0035901699437494994 0.02750000000000008</Position>
</ConstraintGeometry>
<ConstraintGeometry geomType="sphere">
<InstancePath>
<Uid>MAntebrazo-6</Uid>
<Uid>MTerminal-1</Uid>
</InstancePath>
<Position>0.010073627764045134 -0.0079673231987511806 0.017193868759438742</Position>
</ConstraintGeometry>
</Concentric>
<Concentric name="Concéntrica19">
<ConstraintGeometry geomType="sphere">
<InstancePath>
<Uid>MAntebrazo-3</Uid>
<Uid>MTerminal-1</Uid>
</InstancePath>
<Position>0.010073627764045121 -0.0079673231987510973 0.017193868759438735</Position>
</ConstraintGeometry>
<ConstraintGeometry geomType="sphere">
<InstancePath>
<Uid>MbaseMovil-2</Uid>
</InstancePath>
<Position>0.063460077924025499 0.0095901699437494492 -0.0025750271900428349</Position>
</ConstraintGeometry>
</Concentric>
<Concentric name="Concéntrica21">
<ConstraintGeometry geomType="sphere">
<InstancePath>
<Uid>MAntebrazo-5</Uid>
<Uid>MTerminal-2</Uid>
</InstancePath>
<Position>0.010073627764045162 -0.0079673231987511806 0.017193868759438763</Position>
</ConstraintGeometry>
<ConstraintGeometry geomType="sphere">
<InstancePath>
<Uid>MbaseMovil-2</Uid>
</InstancePath>
<Position>-0.033960077924025535 0.0095901699437495047 -0.053670526013324754</Position>
</ConstraintGeometry>
</Concentric>
<Concentric name="Concéntrica22">
<ConstraintGeometry geomType="sphere">
<InstancePath>
<Uid>MAntebrazo-6</Uid>
<Uid>MTerminal-2</Uid>
</InstancePath>
<Position>0.010073627764045093 -0.0079673231987512083 0.017193868759438735</Position>
</ConstraintGeometry>
<ConstraintGeometry geomType="sphere">
<InstancePath>
<Uid>MbaseMovil-2</Uid>
</InstancePath>
<Position>-0.063460077924025526 0.0095901699437495047 -0.0025750271900428696</Position>
</ConstraintGeometry>
</Concentric>
<Concentric name="Concéntrica23">
<ConstraintGeometry geomType="sphere">
<InstancePath>
<Uid>MAntebrazo-1</Uid>
<Uid>MTerminal-1</Uid>
</InstancePath>
<Position>0.010073627764045134 -0.0079673231987511806 0.017193868759438791</Position>
</ConstraintGeometry>
<ConstraintGeometry geomType="sphere">
<InstancePath>
<Uid>MbaseMovil-2</Uid>
</InstancePath>
<Position>-0.029499999999999974 0.0095901699437495047 0.056245553203367542</Position>
</ConstraintGeometry>
</Concentric>
<Concentric name="Concéntrica24">
<ConstraintGeometry geomType="sphere">
<InstancePath>
<Uid>MAntebrazo-2</Uid>
<Uid>MTerminal-1</Uid>
</InstancePath>
<Position>0.010073627764045134 -0.0079673231987511806 0.017193868759438818</Position>
</ConstraintGeometry>
<ConstraintGeometry geomType="sphere">
<InstancePath>
<Uid>MbaseMovil-2</Uid>
</InstancePath>
<Position>0.029500000000000026 0.0095901699437495047 0.056245553203367549</Position>
</ConstraintGeometry>
</Concentric>
<Concentric name="Concéntrica25">
<ConstraintGeometry geomType="sphere">
<InstancePath>
<Uid>MAntebrazo-4</Uid>
<Uid>MTerminal-1</Uid>
</InstancePath>
<Position>0.010073627764045162 -0.0079673231987511528 0.017193868759438791</Position>
</ConstraintGeometry>
<ConstraintGeometry geomType="sphere">
<InstancePath>
<Uid>MbaseMovil-2</Uid>
</InstancePath>
<Position>0.033960077924025563 0.0095901699437494492 -0.053670526013324747</Position>
</ConstraintGeometry>
</Concentric>
</Constraints>
</RootAssembly>
<Assemblies>
<Assembly name="Mbrazo" uid="Mbrazo" version="127">
<ModelUnits mass="kilogram" length="millimeter"/>
<AssemblyFile name="Mbrazo.SLDASM" type="SolidWorks Assembly"/>
</Assembly>
<Assembly name="MAntebrazo" uid="MAntebrazo" version="122">
<ModelUnits mass="kilogram" length="millimeter"/>
<AssemblyFile name="MAntebrazo.SLDASM" type="SolidWorks Assembly"/>
</Assembly>
</Assemblies>
<Parts>
<Part name="BaseFcompleta" uid="BaseFcompleta*:*Predeterminado" version="218">
<ModelUnits mass="kilogram" length="millimeter"/>
<PartFile name="BaseFcompleta.sldprt" type="SolidWorks Part"/>
<MassProperties>
<Mass>20.287367140330733</Mass>
<CenterOfMass>1.6031211334647475e-007 -0.0066435658685755575 1.4003345645237391e-007</CenterOfMass>
<Inertia>0.27253697775492591 0.51368759866317037 0.27253763479954612 -4.0180599751929447e-008 -5.4487405851122439e-008 -4.6070157340080686e-008</Inertia>
</MassProperties>
<GeometryFile name="BaseFcompleta_Predeterminado_sldprt.STL" type="STL"/>
<VisualProperties>
<Ambient r="0.65098039215686276" g="0.61960784313725492" b="0.58823529411764708" a="1"/>
<Diffuse r="0.65098039215686276" g="0.61960784313725492" b="0.58823529411764708" a="1"/>
<Specular r="0.52078432148578124" g="0.49568628189610503" b="0.47058824230642882" a="1"/>
<Emissive r="0" g="0" b="0" a="1"/>
<Shininess>0.10000000149011612</Shininess>
</VisualProperties>
</Part>
<Part name="Hombro" uid="Hombro*:*Predeterminado" version="137">
<ModelUnits mass="kilogram" length="millimeter"/>
<PartFile name="Hombro.SLDPRT" type="SolidWorks Part"/>
<MassProperties>
<Mass>0.20760150513005343</Mass>
<CenterOfMass>0.02436332194015781 0.029033193849344188 0.029174735993220575</CenterOfMass>
<Inertia>0.00011327836577052259 9.2084688062058536e-005 0.00011281570579108028 -4.7458984261584788e-007 1.2302978205576904e-008 1.8421113034699507e-007</Inertia>
</MassProperties>
<GeometryFile name="Hombro_Predeterminado_sldprt.STL" type="STL"/>
<VisualProperties>
<Ambient r="1" g="1" b="1" a="0.84999999999999998"/>
<Diffuse r="1" g="1" b="1" a="0.84999999999999998"/>
<Specular r="0.5" g="0.5" b="0.5" a="0.84999999999999998"/>
<Emissive r="0.29999999999999999" g="0.29999999999999999" b="0.29999999999999999" a="0.84999999999999998"/>
<Shininess>0.20000000298023224</Shininess>
</VisualProperties>
</Part>
<Part name="MCodo" uid="MCodo*:*Predeterminado" version="153">
<ModelUnits mass="kilogram" length="millimeter"/>
<PartFile name="MCodo.SLDPRT" type="SolidWorks Part"/>
<MassProperties>
<Mass>0.030790063735616068</Mass>
<CenterOfMass>9.6991773717240049e-010 -0.00047205283398857735 0.01899352557558932</CenterOfMass>
<Inertia>4.5516792753816827e-006 7.3798100199271615e-006 5.993822972153529e-006 1.2363516891677728e-007 -5.0128347145168926e-013 2.6119241542599854e-013</Inertia>
</MassProperties>
<GeometryFile name="MCodo_Predeterminado_sldprt.STL" type="STL"/>
<VisualProperties>
<Ambient r="1" g="1" b="1" a="0.84999999999999998"/>
<Diffuse r="1" g="1" b="1" a="0.84999999999999998"/>
<Specular r="0.5" g="0.5" b="0.5" a="0.84999999999999998"/>
<Emissive r="0.29999999999999999" g="0.29999999999999999" b="0.29999999999999999" a="0.84999999999999998"/>
<Shininess>0.20000000298023224</Shininess>
</VisualProperties>
</Part>
<Part name="MTerminal" uid="MTerminal*:*Predeterminado" version="132">
<ModelUnits mass="kilogram" length="millimeter"/>
<PartFile name="MTerminal.SLDPRT" type="SolidWorks Part"/>
<MassProperties>
<Mass>0.0076451566311216065</Mass>
<CenterOfMass>0.010073625929533262 -0.0078161579128909735 -0.0046087276238615292</CenterOfMass>
<Inertia>2.0853201719485526e-006 2.1508047454810766e-006 1.8030118788460993e-007 2.5654156312233122e-008 1.3955799142908861e-013 5.3776931336676658e-013</Inertia>
</MassProperties>
<GeometryFile name="MTerminal_Predeterminado_sldprt.STL" type="STL"/>
<VisualProperties>
<Ambient r="1" g="1" b="1" a="0.84999999999999998"/>
<Diffuse r="1" g="1" b="1" a="0.84999999999999998"/>
<Specular r="0.5" g="0.5" b="0.5" a="0.84999999999999998"/>
<Emissive r="0.29999999999999999" g="0.29999999999999999" b="0.29999999999999999" a="0.84999999999999998"/>
<Shininess>0.20000000298023224</Shininess>
</VisualProperties>
</Part>
<Part name="MbaseMovil" uid="MbaseMovil*:*Predeterminado" version="155">
<ModelUnits mass="kilogram" length="millimeter"/>
<PartFile name="MbaseMovil.SLDPRT" type="SolidWorks Part"/>
<MassProperties>
<Mass>0.12723781047433447</Mass>
<CenterOfMass>0 0.0051255637487984031 -2.3485730652443422e-015</CenterOfMass>
<Inertia>0.00016033186645707486 0.00031726538345194137 0.00016033186645709343 0 0 0</Inertia>
</MassProperties>
<GeometryFile name="MbaseMovil_Predeterminado_sldprt.STL" type="STL"/>
<VisualProperties>
<Ambient r="1" g="1" b="1" a="1"/>
<Diffuse r="1" g="1" b="1" a="1"/>
<Specular r="1" g="1" b="1" a="1"/>
<Emissive r="0" g="0" b="0" a="1"/>
<Shininess>0.3125</Shininess>
</VisualProperties>
</Part>
<Part name="Tubo L1" uid="Tubo L1*:*Predeterminado" version="110">
<ModelUnits mass="kilogram" length="millimeter"/>
<PartFile name="Tubo L1.sldprt" type="SolidWorks Part"/>
<MassProperties>
<Mass>0.0080087993199433917</Mass>
<CenterOfMass>0 0.113 0</CenterOfMass>
<Inertia>3.4125160202307118e-005 7.4081393709476381e-008 3.4125160202307118e-005 0 0 0</Inertia>
</MassProperties>
<GeometryFile name="Tubo L1_Predeterminado_sldprt.STL" type="STL"/>
<VisualProperties>
<Ambient r="1" g="1" b="1" a="1"/>
<Diffuse r="1" g="1" b="1" a="1"/>
<Specular r="1" g="1" b="1" a="1"/>
<Emissive r="0.050000000000000003" g="0.050000000000000003" b="0.050000000000000003" a="1"/>
<Shininess>0.3125</Shininess>
</VisualProperties>
</Part>
<Part name="Tubo" uid="Tubo*:*Predeterminado" version="113">
<ModelUnits mass="kilogram" length="millimeter"/>
<PartFile name="Tubo.sldprt" type="SolidWorks Part"/>
<MassProperties>
<Mass>0.020698069038910989</Mass>
<CenterOfMass>0 0.065000000000000002 0</CenterOfMass>
<Inertia>2.9667232289105739e-005 1.0349034519455496e-006 2.9667232289105739e-005 0 0 0</Inertia>
</MassProperties>
<GeometryFile name="Tubo_Predeterminado_sldprt.STL" type="STL"/>
<VisualProperties>
<Ambient r="1" g="1" b="1" a="1"/>
<Diffuse r="1" g="1" b="1" a="1"/>
<Specular r="1" g="1" b="1" a="1"/>
<Emissive r="0.050000000000000003" g="0.050000000000000003" b="0.050000000000000003" a="1"/>
<Shininess>0.3125</Shininess>
</VisualProperties>
</Part>
</Parts>
</SimMechanicsImportXML>
